 Y   \   X || 0.0000E+00 | 
==========================
-.9900E-05 || -.5787E+07 | 
-.9800E-05 || -.5847E+07 | 
-.9700E-05 || -.5907E+07 | 
-.9600E-05 || -.5968E+07 | 
-.9500E-05 || -.6031E+07 | 
-.9400E-05 || -.6095E+07 | 
-.9300E-05 || -.6161E+07 | 
-.9200E-05 || -.6228E+07 | 
-.9100E-05 || -.6296E+07 | 
-.9000E-05 || -.6366E+07 | 
-.8900E-05 || -.6438E+07 | 
-.8800E-05 || -.6511E+07 | 
-.8700E-05 || -.6586E+07 | 
-.8600E-05 || -.6662E+07 | 
-.8500E-05 || -.6741E+07 | 
-.8400E-05 || -.6821E+07 | 
-.8300E-05 || -.6903E+07 | 
-.8200E-05 || -.6987E+07 | 
-.8100E-05 || -.7074E+07 | 
-.8000E-05 || -.7162E+07 | 
-.7900E-05 || -.7253E+07 | 
-.7800E-05 || -.7346E+07 | 
-.7700E-05 || -.7441E+07 | 
-.7600E-05 || -.7539E+07 | 
-.7500E-05 || -.7639E+07 | 
-.7400E-05 || -.7743E+07 | 
-.7300E-05 || -.7849E+07 | 
-.7200E-05 || -.7958E+07 | 
-.7100E-05 || -.8070E+07 | 
-.7000E-05 || -.8185E+07 | 
-.6900E-05 || -.8304E+07 | 
-.6800E-05 || -.8426E+07 | 
-.6700E-05 || -.8552E+07 | 
-.6600E-05 || -.8681E+07 | 
-.6500E-05 || -.8815E+07 | 
-.6400E-05 || -.8952E+07 | 
-.6300E-05 || -.9095E+07 | 
-.6200E-05 || -.9241E+07 | 
-.6100E-05 || -.9393E+07 | 
-.6000E-05 || -.9549E+07 | 
-.5900E-05 || -.9711E+07 | 
-.5800E-05 || -.9879E+07 | 
-.5700E-05 || -.1005E+08 | 
-.5600E-05 || -.1023E+08 | 
-.5500E-05 || -.1042E+08 | 
-.5400E-05 || -.1061E+08 | 
-.5300E-05 || -.1081E+08 | 
-.5200E-05 || -.1102E+08 | 
-.5100E-05 || -.1123E+08 | 
-.5000E-05 || -.1146E+08 | 
-.4900E-05 || -.1169E+08 | 
-.4800E-05 || -.1194E+08 | 
-.4700E-05 || -.1219E+08 | 
-.4600E-05 || -.1246E+08 | 
-.4500E-05 || -.1273E+08 | 
-.4400E-05 || -.1302E+08 | 
-.4300E-05 || -.1332E+08 | 
-.4200E-05 || -.1364E+08 | 
-.4100E-05 || -.1397E+08 | 
-.4000E-05 || -.1432E+08 | 
-.3900E-05 || -.1469E+08 | 
-.3800E-05 || -.1508E+08 | 
-.3700E-05 || -.1549E+08 | 
-.3600E-05 || -.1592E+08 | 
-.3500E-05 || -.1637E+08 | 
-.3400E-05 || -.1685E+08 | 
-.3300E-05 || -.1736E+08 | 
-.3200E-05 || -.1790E+08 | 
-.3100E-05 || -.1848E+08 | 
-.3000E-05 || -.1910E+08 | 
-.2900E-05 || -.1976E+08 | 
-.2800E-05 || -.2046E+08 | 
-.2700E-05 || -.2122E+08 | 
-.2600E-05 || -.2204E+08 | 
-.2500E-05 || -.2292E+08 | 
-.2400E-05 || -.2387E+08 | 
-.2300E-05 || -.2491E+08 | 
-.2200E-05 || -.2604E+08 | 
-.2100E-05 || -.2728E+08 | 
-.2000E-05 || -.2865E+08 | 
-.1900E-05 || -.3016E+08 | 
-.1800E-05 || -.3183E+08 | 
-.1700E-05 || -.3370E+08 | 
-.1600E-05 || -.3581E+08 | 
-.1500E-05 || -.3820E+08 | 
-.1400E-05 || -.4093E+08 | 
-.1300E-05 || -.4407E+08 | 
-.1200E-05 || -.4775E+08 | 
-.1100E-05 || -.5209E+08 | 
-.1000E-05 || -.5730E+08 | 
-.9000E-06 || -.6366E+08 | 
-.8000E-06 || -.7162E+08 | 
-.7000E-06 || -.8185E+08 | 
-.6000E-06 || -.9549E+08 | 
-.5000E-06 || -.1146E+09 | 
-.4000E-06 || -.1432E+09 | 
-.3000E-06 || -.1910E+09 | 
-.2000E-06 || -.2865E+09 | 
-.1000E-06 || -.5730E+09 | 
0.0000E+00 ||   Infinity | 
0.1000E-06 || 0.5730E+09 | 
